
Time: 1 sec

Waiting clients: [(38,2,4), (22,2,6), (24,3,1), (43,4,2), (1,4,3), (32,4,4), (20,5,2), (48,6,1), (37,6,7), (3,7,6), (4,7,7), (43,8,3), (50,9,5), (16,10,6), (12,12,6), (26,13,6), (34,14,3), (47,15,5), (23,15,7), (35,16,4), (4,17,2), (13,17,2), (42,18,3), (50,19,6), (24,20,2), (4,20,3), (37,20,7), (5,22,6), (33,26,2), (13,26,2), (33,27,3), (25,28,4), (47,28,7), (15,29,2), (17,29,5), (17,30,1), (27,30,3), (12,31,4), (29,32,7), (14,33,4), (31,33,6), (9,34,3), (36,35,6), (9,35,7), (16,36,6), (46,37,6), (34,38,5), (23,39,5), (28,40,2), (12,40,3)]
0 Queue closed
1 Queue closed
2 Queue closed
3 Queue closed
4 Queue closed

Time: 2 sec

Waiting clients: [(38,2,4), (22,2,6), (24,3,1), (43,4,2), (1,4,3), (32,4,4), (20,5,2), (48,6,1), (37,6,7), (3,7,6), (4,7,7), (43,8,3), (50,9,5), (16,10,6), (12,12,6), (26,13,6), (34,14,3), (47,15,5), (23,15,7), (35,16,4), (4,17,2), (13,17,2), (42,18,3), (50,19,6), (24,20,2), (4,20,3), (37,20,7), (5,22,6), (33,26,2), (13,26,2), (33,27,3), (25,28,4), (47,28,7), (15,29,2), (17,29,5), (17,30,1), (27,30,3), (12,31,4), (29,32,7), (14,33,4), (31,33,6), (9,34,3), (36,35,6), (9,35,7), (16,36,6), (46,37,6), (34,38,5), (23,39,5), (28,40,2), (12,40,3)]
0 Queue closed
1 Queue closed
2 Queue closed
3 Queue closed
4 Queue closed

Time: 3 sec

Waiting clients: [(22,2,6), (24,3,1), (43,4,2), (1,4,3), (32,4,4), (20,5,2), (48,6,1), (37,6,7), (3,7,6), (4,7,7), (43,8,3), (50,9,5), (16,10,6), (12,12,6), (26,13,6), (34,14,3), (47,15,5), (23,15,7), (35,16,4), (4,17,2), (13,17,2), (42,18,3), (50,19,6), (24,20,2), (4,20,3), (37,20,7), (5,22,6), (33,26,2), (13,26,2), (33,27,3), (25,28,4), (47,28,7), (15,29,2), (17,29,5), (17,30,1), (27,30,3), (12,31,4), (29,32,7), (14,33,4), (31,33,6), (9,34,3), (36,35,6), (9,35,7), (16,36,6), (46,37,6), (34,38,5), (23,39,5), (28,40,2), (12,40,3)]
0 Queue(38,2,2)
1 Queue closed
2 Queue closed
3 Queue closed
4 Queue closed

Time: 4 sec

Waiting clients: [(24,3,1), (43,4,2), (1,4,3), (32,4,4), (20,5,2), (48,6,1), (37,6,7), (3,7,6), (4,7,7), (43,8,3), (50,9,5), (16,10,6), (12,12,6), (26,13,6), (34,14,3), (47,15,5), (23,15,7), (35,16,4), (4,17,2), (13,17,2), (42,18,3), (50,19,6), (24,20,2), (4,20,3), (37,20,7), (5,22,6), (33,26,2), (13,26,2), (33,27,3), (25,28,4), (47,28,7), (15,29,2), (17,29,5), (17,30,1), (27,30,3), (12,31,4), (29,32,7), (14,33,4), (31,33,6), (9,34,3), (36,35,6), (9,35,7), (16,36,6), (46,37,6), (34,38,5), (23,39,5), (28,40,2), (12,40,3)]
0 Queue(38,2,1)
1 Queue(22,2,4)
2 Queue closed
3 Queue closed
4 Queue closed

Time: 5 sec

Waiting clients: [(43,4,2), (1,4,3), (32,4,4), (20,5,2), (48,6,1), (37,6,7), (3,7,6), (4,7,7), (43,8,3), (50,9,5), (16,10,6), (12,12,6), (26,13,6), (34,14,3), (47,15,5), (23,15,7), (35,16,4), (4,17,2), (13,17,2), (42,18,3), (50,19,6), (24,20,2), (4,20,3), (37,20,7), (5,22,6), (33,26,2), (13,26,2), (33,27,3), (25,28,4), (47,28,7), (15,29,2), (17,29,5), (17,30,1), (27,30,3), (12,31,4), (29,32,7), (14,33,4), (31,33,6), (9,34,3), (36,35,6), (9,35,7), (16,36,6), (46,37,6), (34,38,5), (23,39,5), (28,40,2), (12,40,3)]
0 Queue closed
1 Queue(22,2,3)
2 Queue closed
3 Queue closed
4 Queue closed

Time: 6 sec

Waiting clients: [(1,4,3), (32,4,4), (20,5,2), (48,6,1), (37,6,7), (3,7,6), (4,7,7), (43,8,3), (50,9,5), (16,10,6), (12,12,6), (26,13,6), (34,14,3), (47,15,5), (23,15,7), (35,16,4), (4,17,2), (13,17,2), (42,18,3), (50,19,6), (24,20,2), (4,20,3), (37,20,7), (5,22,6), (33,26,2), (13,26,2), (33,27,3), (25,28,4), (47,28,7), (15,29,2), (17,29,5), (17,30,1), (27,30,3), (12,31,4), (29,32,7), (14,33,4), (31,33,6), (9,34,3), (36,35,6), (9,35,7), (16,36,6), (46,37,6), (34,38,5), (23,39,5), (28,40,2), (12,40,3)]
0 Queue(43,4,1)
1 Queue(22,2,2)
2 Queue closed
3 Queue closed
4 Queue closed

Time: 7 sec

Waiting clients: [(32,4,4), (20,5,2), (48,6,1), (37,6,7), (3,7,6), (4,7,7), (43,8,3), (50,9,5), (16,10,6), (12,12,6), (26,13,6), (34,14,3), (47,15,5), (23,15,7), (35,16,4), (4,17,2), (13,17,2), (42,18,3), (50,19,6), (24,20,2), (4,20,3), (37,20,7), (5,22,6), (33,26,2), (13,26,2), (33,27,3), (25,28,4), (47,28,7), (15,29,2), (17,29,5), (17,30,1), (27,30,3), (12,31,4), (29,32,7), (14,33,4), (31,33,6), (9,34,3), (36,35,6), (9,35,7), (16,36,6), (46,37,6), (34,38,5), (23,39,5), (28,40,2), (12,40,3)]
0 Queue closed
1 Queue(22,2,1)
2 Queue(1,4,1)
3 Queue closed
4 Queue closed

Time: 8 sec

Waiting clients: [(20,5,2), (48,6,1), (37,6,7), (3,7,6), (4,7,7), (43,8,3), (50,9,5), (16,10,6), (12,12,6), (26,13,6), (34,14,3), (47,15,5), (23,15,7), (35,16,4), (4,17,2), (13,17,2), (42,18,3), (50,19,6), (24,20,2), (4,20,3), (37,20,7), (5,22,6), (33,26,2), (13,26,2), (33,27,3), (25,28,4), (47,28,7), (15,29,2), (17,29,5), (17,30,1), (27,30,3), (12,31,4), (29,32,7), (14,33,4), (31,33,6), (9,34,3), (36,35,6), (9,35,7), (16,36,6), (46,37,6), (34,38,5), (23,39,5), (28,40,2), (12,40,3)]
0 Queue(32,4,3)
1 Queue closed
2 Queue closed
3 Queue closed
4 Queue closed

Time: 9 sec

Waiting clients: [(48,6,1), (37,6,7), (3,7,6), (4,7,7), (43,8,3), (50,9,5), (16,10,6), (12,12,6), (26,13,6), (34,14,3), (47,15,5), (23,15,7), (35,16,4), (4,17,2), (13,17,2), (42,18,3), (50,19,6), (24,20,2), (4,20,3), (37,20,7), (5,22,6), (33,26,2), (13,26,2), (33,27,3), (25,28,4), (47,28,7), (15,29,2), (17,29,5), (17,30,1), (27,30,3), (12,31,4), (29,32,7), (14,33,4), (31,33,6), (9,34,3), (36,35,6), (9,35,7), (16,36,6), (46,37,6), (34,38,5), (23,39,5), (28,40,2), (12,40,3)]
0 Queue(32,4,2)
1 Queue(20,5,1)
2 Queue closed
3 Queue closed
4 Queue closed

Time: 10 sec

Waiting clients: [(37,6,7), (3,7,6), (4,7,7), (43,8,3), (50,9,5), (16,10,6), (12,12,6), (26,13,6), (34,14,3), (47,15,5), (23,15,7), (35,16,4), (4,17,2), (13,17,2), (42,18,3), (50,19,6), (24,20,2), (4,20,3), (37,20,7), (5,22,6), (33,26,2), (13,26,2), (33,27,3), (25,28,4), (47,28,7), (15,29,2), (17,29,5), (17,30,1), (27,30,3), (12,31,4), (29,32,7), (14,33,4), (31,33,6), (9,34,3), (36,35,6), (9,35,7), (16,36,6), (46,37,6), (34,38,5), (23,39,5), (28,40,2), (12,40,3)]
0 Queue(32,4,1)
1 Queue closed
2 Queue closed
3 Queue closed
4 Queue closed

Time: 11 sec

Waiting clients: [(3,7,6), (4,7,7), (43,8,3), (50,9,5), (16,10,6), (12,12,6), (26,13,6), (34,14,3), (47,15,5), (23,15,7), (35,16,4), (4,17,2), (13,17,2), (42,18,3), (50,19,6), (24,20,2), (4,20,3), (37,20,7), (5,22,6), (33,26,2), (13,26,2), (33,27,3), (25,28,4), (47,28,7), (15,29,2), (17,29,5), (17,30,1), (27,30,3), (12,31,4), (29,32,7), (14,33,4), (31,33,6), (9,34,3), (36,35,6), (9,35,7), (16,36,6), (46,37,6), (34,38,5), (23,39,5), (28,40,2), (12,40,3)]
0 Queue closed
1 Queue(37,6,6)
2 Queue closed
3 Queue closed
4 Queue closed

Time: 12 sec

Waiting clients: [(4,7,7), (43,8,3), (50,9,5), (16,10,6), (12,12,6), (26,13,6), (34,14,3), (47,15,5), (23,15,7), (35,16,4), (4,17,2), (13,17,2), (42,18,3), (50,19,6), (24,20,2), (4,20,3), (37,20,7), (5,22,6), (33,26,2), (13,26,2), (33,27,3), (25,28,4), (47,28,7), (15,29,2), (17,29,5), (17,30,1), (27,30,3), (12,31,4), (29,32,7), (14,33,4), (31,33,6), (9,34,3), (36,35,6), (9,35,7), (16,36,6), (46,37,6), (34,38,5), (23,39,5), (28,40,2), (12,40,3)]
0 Queue(3,7,5)
1 Queue(37,6,5)
2 Queue closed
3 Queue closed
4 Queue closed

Time: 13 sec

Waiting clients: [(43,8,3), (50,9,5), (16,10,6), (12,12,6), (26,13,6), (34,14,3), (47,15,5), (23,15,7), (35,16,4), (4,17,2), (13,17,2), (42,18,3), (50,19,6), (24,20,2), (4,20,3), (37,20,7), (5,22,6), (33,26,2), (13,26,2), (33,27,3), (25,28,4), (47,28,7), (15,29,2), (17,29,5), (17,30,1), (27,30,3), (12,31,4), (29,32,7), (14,33,4), (31,33,6), (9,34,3), (36,35,6), (9,35,7), (16,36,6), (46,37,6), (34,38,5), (23,39,5), (28,40,2), (12,40,3)]
0 Queue(3,7,4)
1 Queue(37,6,4)
2 Queue(4,7,5)
3 Queue closed
4 Queue closed

Time: 14 sec

Waiting clients: [(50,9,5), (16,10,6), (12,12,6), (26,13,6), (34,14,3), (47,15,5), (23,15,7), (35,16,4), (4,17,2), (13,17,2), (42,18,3), (50,19,6), (24,20,2), (4,20,3), (37,20,7), (5,22,6), (33,26,2), (13,26,2), (33,27,3), (25,28,4), (47,28,7), (15,29,2), (17,29,5), (17,30,1), (27,30,3), (12,31,4), (29,32,7), (14,33,4), (31,33,6), (9,34,3), (36,35,6), (9,35,7), (16,36,6), (46,37,6), (34,38,5), (23,39,5), (28,40,2), (12,40,3)]
0 Queue(3,7,3)
1 Queue(37,6,3)
2 Queue(4,7,4)
3 Queue(43,8,1)
4 Queue closed

Time: 15 sec

Waiting clients: [(16,10,6), (12,12,6), (26,13,6), (34,14,3), (47,15,5), (23,15,7), (35,16,4), (4,17,2), (13,17,2), (42,18,3), (50,19,6), (24,20,2), (4,20,3), (37,20,7), (5,22,6), (33,26,2), (13,26,2), (33,27,3), (25,28,4), (47,28,7), (15,29,2), (17,29,5), (17,30,1), (27,30,3), (12,31,4), (29,32,7), (14,33,4), (31,33,6), (9,34,3), (36,35,6), (9,35,7), (16,36,6), (46,37,6), (34,38,5), (23,39,5), (28,40,2), (12,40,3)]
0 Queue(3,7,2)
1 Queue(37,6,2)
2 Queue(4,7,3)
3 Queue closed
4 Queue(50,9,3)

Time: 16 sec

Waiting clients: [(12,12,6), (26,13,6), (34,14,3), (47,15,5), (23,15,7), (35,16,4), (4,17,2), (13,17,2), (42,18,3), (50,19,6), (24,20,2), (4,20,3), (37,20,7), (5,22,6), (33,26,2), (13,26,2), (33,27,3), (25,28,4), (47,28,7), (15,29,2), (17,29,5), (17,30,1), (27,30,3), (12,31,4), (29,32,7), (14,33,4), (31,33,6), (9,34,3), (36,35,6), (9,35,7), (16,36,6), (46,37,6), (34,38,5), (23,39,5), (28,40,2), (12,40,3)]
0 Queue(3,7,1)
1 Queue(37,6,1)
2 Queue(4,7,2)
3 Queue(16,10,5)
4 Queue(50,9,2)

Time: 17 sec

Waiting clients: [(26,13,6), (34,14,3), (47,15,5), (23,15,7), (35,16,4), (4,17,2), (13,17,2), (42,18,3), (50,19,6), (24,20,2), (4,20,3), (37,20,7), (5,22,6), (33,26,2), (13,26,2), (33,27,3), (25,28,4), (47,28,7), (15,29,2), (17,29,5), (17,30,1), (27,30,3), (12,31,4), (29,32,7), (14,33,4), (31,33,6), (9,34,3), (36,35,6), (9,35,7), (16,36,6), (46,37,6), (34,38,5), (23,39,5), (28,40,2), (12,40,3)]
0 Queue(12,12,6)
1 Queue closed
2 Queue(4,7,1)
3 Queue(16,10,4)
4 Queue(50,9,1)

Time: 18 sec

Waiting clients: [(34,14,3), (47,15,5), (23,15,7), (35,16,4), (4,17,2), (13,17,2), (42,18,3), (50,19,6), (24,20,2), (4,20,3), (37,20,7), (5,22,6), (33,26,2), (13,26,2), (33,27,3), (25,28,4), (47,28,7), (15,29,2), (17,29,5), (17,30,1), (27,30,3), (12,31,4), (29,32,7), (14,33,4), (31,33,6), (9,34,3), (36,35,6), (9,35,7), (16,36,6), (46,37,6), (34,38,5), (23,39,5), (28,40,2), (12,40,3)]
0 Queue(12,12,5)
1 Queue(26,13,5)
2 Queue closed
3 Queue(16,10,3)
4 Queue closed

Time: 19 sec

Waiting clients: [(47,15,5), (23,15,7), (35,16,4), (4,17,2), (13,17,2), (42,18,3), (50,19,6), (24,20,2), (4,20,3), (37,20,7), (5,22,6), (33,26,2), (13,26,2), (33,27,3), (25,28,4), (47,28,7), (15,29,2), (17,29,5), (17,30,1), (27,30,3), (12,31,4), (29,32,7), (14,33,4), (31,33,6), (9,34,3), (36,35,6), (9,35,7), (16,36,6), (46,37,6), (34,38,5), (23,39,5), (28,40,2), (12,40,3)]
0 Queue(12,12,4)
1 Queue(26,13,4)
2 Queue(34,14,2)
3 Queue(16,10,2)
4 Queue closed

Time: 20 sec

Waiting clients: [(23,15,7), (35,16,4), (4,17,2), (13,17,2), (42,18,3), (50,19,6), (24,20,2), (4,20,3), (37,20,7), (5,22,6), (33,26,2), (13,26,2), (33,27,3), (25,28,4), (47,28,7), (15,29,2), (17,29,5), (17,30,1), (27,30,3), (12,31,4), (29,32,7), (14,33,4), (31,33,6), (9,34,3), (36,35,6), (9,35,7), (16,36,6), (46,37,6), (34,38,5), (23,39,5), (28,40,2), (12,40,3)]
0 Queue(12,12,3)
1 Queue(26,13,3)
2 Queue(34,14,1)
3 Queue(16,10,1)
4 Queue(47,15,3)

Time: 21 sec

Waiting clients: [(35,16,4), (4,17,2), (13,17,2), (42,18,3), (50,19,6), (24,20,2), (4,20,3), (37,20,7), (5,22,6), (33,26,2), (13,26,2), (33,27,3), (25,28,4), (47,28,7), (15,29,2), (17,29,5), (17,30,1), (27,30,3), (12,31,4), (29,32,7), (14,33,4), (31,33,6), (9,34,3), (36,35,6), (9,35,7), (16,36,6), (46,37,6), (34,38,5), (23,39,5), (28,40,2), (12,40,3)]
0 Queue(12,12,2)
1 Queue(26,13,2)
2 Queue(2